20260318032847
20260321000000
20260322000000
20260322000001
20260322010000
20260322010000
20260323000000
20260323000001
20260323000002
20260323000003
20260323000004
20260323010000
20260323010001
20260326015605
20260331023945
20260401024557
20260403045505
20260405010208
20260413024236
20260416022447
20260418165604
20260418165858
20260418170917
20260430204228
20260430204307
20260504024629
20260504150325
20260507041140
20260507061743
20260511154610
20260513030357
20260521021605
20260523163353
20260523165519
20260523172604
20260523173444
20260523191055
20260525120000
20260525140000
20260525160000
20260525161000
20260527000000
20260527000001
20260527120000
20260528022137
20260530200159
20260531173635
20260531173759
20260531174228
20260604021915
20260610031204
20260614015211
20260614023102
20260616031020
20260616031941
20260628120000
20260628120001
20260628125108
20260628130000
20260628131000
20260628140000
20260628140000
20260628150000
20260628150000
20260628150001
20260628160000
20260628161000
20260628161500
20260628162000
20260628163000
20260628164000
20260628165000
20260629120000
20260629140000
20260630175437
20260726010000
20260726010001
20260726010002
20260726170000
20260727010000
20260727010001
20260728111141
20260728111215
20260728132533
20260728180000
20260729120000
20260801054322
20260801055110
20260801150000
20260802120000
20260802120100
20260802130000
20260802130000
20260802130000
20260802140000
20260802150000
20260802150000
20260802160000
20260802170000
20260802170100
20260802180000
20260802210438
20260804013910
20260805162629
20260806103728
20260806185800
20260807151541
20260809121543
20260810000100
20260810180000
20260810184439
20260810210000
20260811080000
20260813100000
20260814090000
20260814100000
20260814173219
20260814180000
20260814223000
20260815032331
20260815064019
20260815120000
20260815140000
20260815150000
20260815160000
20260815170000
20260815180000
20260815193000
20260815213000
20260819000000
20260819010000
20260821110000
20260821120000
20260821121000
20260821130000
20260821140000
20260821150000
20260821160000
20260823010000
20260823020000
20260823041904
20260823090000
20260823120000
20260823130000
20260823140000
20260823180000
20260823200000
